Model Export
# triangles = 224
Material count = 1
ambient color 0.200000 0.000000 0.000000
diffuse color 1.000000 0.000000 0.000000
specular color 1.000000 1.000000 1.000000
material shine 8.000000
Texture = NO
End of materials
v0 0.382683 0.923880 0.000000 0.442548 0.896745 -0.000000 0
v1 0.653281 0.707107 0.270598 0.652799 0.707629 0.270398 0
v2 0.707107 0.707107 0.000000 0.706584 0.707629 0.000000 0
face normal 0.000000 0.000000 1.000000
v0 0.382683 0.923880 0.000000 0.442548 0.896745 -0.000000 0
v1 0.653281 0.707107 -0.270598 0.652799 0.707629 -0.270398 0
v2 0.353553 0.923880 -0.146447 0.353102 0.924082 -0.146260 0
face normal 0.000000 0.000000 1.000000
v0 0.382683 0.923880 0.000000 0.442548 0.896745 -0.000000 0
v1 0.000000 10.000000 0.000000 -0.000000 1.000000 -0.000000 0
v2 0.353553 0.923880 0.146447 0.353102 0.924082 0.146260 0
face normal 0.000000 0.000000 1.000000
v0 0.353553 0.923880 0.146447 0.353102 0.924082 0.146260 0
v1 0.653281 0.707107 0.270598 0.652799 0.707629 0.270398 0
v2 0.382683 0.923880 0.000000 0.442548 0.896745 -0.000000 0
face normal 0.000000 0.000000 1.000000
v0 0.353553 0.923880 0.146447 0.353102 0.924082 0.146260 0
v1 0.000000 10.000000 0.000000 -0.000000 1.000000 -0.000000 0
v2 0.270598 0.923880 0.270598 0.312929 0.896745 0.312929 0
face normal 0.000000 0.000000 1.000000
v0 0.270598 0.923880 0.270598 0.312929 0.896745 0.312929 0
v1 0.653281 0.707107 0.270598 0.652799 0.707629 0.270398 0
v2 0.353553 0.923880 0.146447 0.353102 0.924082 0.146260 0
face normal 0.000000 0.000000 1.000000
v0 0.270598 0.923880 0.270598 0.312929 0.896745 0.312929 0
v1 0.270598 0.707107 0.653281 0.270398 0.707629 0.652799 0
v2 0.500000 0.707107 0.500000 0.499631 0.707629 0.499631 0
face normal 0.000000 0.000000 1.000000
v0 0.270598 0.923880 0.270598 0.312929 0.896745 0.312929 0
v1 0.000000 10.000000 0.000000 -0.000000 1.000000 -0.000000 0
v2 0.146447 0.923880 0.353553 0.146260 0.924082 0.353102 0
face normal 0.000000 0.000000 1.000000
v0 0.146447 0.923880 0.353553 0.146260 0.924082 0.353102 0
v1 0.270598 0.707107 0.653281 0.270398 0.707629 0.652799 0
v2 0.270598 0.923880 0.270598 0.312929 0.896745 0.312929 0
face normal 0.000000 0.000000 1.000000
v0 0.146447 0.923880 0.353553 0.146260 0.924082 0.353102 0
v1 0.000000 10.000000 0.000000 -0.000000 1.000000 -0.000000 0
v2 0.000000 0.923880 0.382683 0.000000 0.896745 0.442548 0
face normal 0.000000 0.000000 1.000000
v0 0.000000 0.923880 0.382683 0.000000 0.896745 0.442548 0
v1 0.270598 0.707107 0.653281 0.270398 0.707629 0.652799 0
v2 0.146447 0.923880 0.353553 0.146260 0.924082 0.353102 0
face normal 0.000000 0.000000 1.000000
v0 0.000000 0.923880 0.382683 0.000000 0.896745 0.442548 0
v1 -0.270598 0.707107 0.653281 -0.270398 0.707629 0.652799 0
v2 0.000000 0.707107 0.707107 0.000000 0.707629 0.706584 0
face normal 0.000000 0.000000 1.000000
v0 0.000000 0.923880 0.382683 0.000000 0.896745 0.442548 0
v1 0.000000 10.000000 0.000000 -0.000000 1.000000 -0.000000 0
v2 -0.146447 0.923880 0.353553 -0.146260 0.924082 0.353102 0
face normal 0.000000 0.000000 1.000000
v0 -0.146447 0.923880 0.353553 -0.146260 0.924082 0.353102 0
v1 -0.270598 0.707107 0.653281 -0.270398 0.707629 0.652799 0
v2 0.000000 0.923880 0.382683 0.000000 0.896745 0.442548 0
face normal 0.000000 0.000000 1.000000
v0 -0.146447 0.923880 0.353553 -0.146260 0.924082 0.353102 0
v1 0.000000 10.000000 0.000000 -0.000000 1.000000 -0.000000 0
v2 -0.270598 0.923880 0.270598 -0.312929 0.896745 0.312929 0
face normal 0.000000 0.000000 1.000000
v0 -0.270598 0.923880 0.270598 -0.312929 0.896745 0.312929 0
v1 -0.270598 0.707107 0.653281 -0.270398 0.707629 0.652799 0
v2 -0.146447 0.923880 0.353553 -0.146260 0.924082 0.353102 0
face normal 0.000000 0.000000 1.000000
v0 -0.270598 0.923880 0.270598 -0.312929 0.896745 0.312929 0
v1 -0.653281 0.707107 0.270598 -0.652799 0.707629 0.270398 0
v2 -0.500000 0.707107 0.500000 -0.499631 0.707629 0.499631 0
face normal 0.000000 0.000000 1.000000
v0 -0.270598 0.923880 0.270598 -0.312929 0.896745 0.312929 0
v1 0.000000 10.000000 0.000000 -0.000000 1.000000 -0.000000 0
v2 -0.353553 0.923880 0.146447 -0.353102 0.924082 0.146260 0
face normal 0.000000 0.000000 1.000000
v0 -0.353553 0.923880 0.146447 -0.353102 0.924082 0.146260 0
v1 -0.653281 0.707107 0.270598 -0.652799 0.707629 0.270398 0
v2 -0.270598 0.923880 0.270598 -0.312929 0.896745 0.312929 0
face normal 0.000000 0.000000 1.000000
v0 -0.353553 0.923880 0.146447 -0.353102 0.924082 0.146260 0
v1 0.000000 10.000000 0.000000 -0.000000 1.000000 -0.000000 0
v2 -0.382683 0.923880 0.000000 -0.442548 0.896745 0.000000 0
face normal 0.000000 0.000000 1.000000
v0 -0.382683 0.923880 0.000000 -0.442548 0.896745 0.000000 0
v1 -0.653281 0.707107 0.270598 -0.652799 0.707629 0.270398 0
v2 -0.353553 0.923880 0.146447 -0.353102 0.924082 0.146260 0
face normal 0.000000 0.000000 1.000000
v0 -0.382683 0.923880 0.000000 -0.442548 0.896745 0.000000 0
v1 -0.653281 0.707107 -0.270598 -0.652799 0.707629 -0.270398 0
v2 -0.707107 0.707107 0.000000 -0.706584 0.707629 0.000000 0
face normal 0.000000 0.000000 1.000000
v0 -0.382683 0.923880 0.000000 -0.442548 0.896745 0.000000 0
v1 0.000000 10.000000 0.000000 -0.000000 1.000000 -0.000000 0
v2 -0.353553 0.923880 -0.146447 -0.353102 0.924082 -0.146260 0
face normal 0.000000 0.000000 1.000000
v0 -0.353553 0.923880 -0.146447 -0.353102 0.924082 -0.146260 0
v1 -0.653281 0.707107 -0.270598 -0.652799 0.707629 -0.270398 0
v2 -0.382683 0.923880 0.000000 -0.442548 0.896745 0.000000 0
face normal 0.000000 0.000000 1.000000
v0 -0.353553 0.923880 -0.146447 -0.353102 0.924082 -0.146260 0
v1 0.000000 10.000000 0.000000 -0.000000 1.000000 -0.000000 0
v2 -0.270598 0.923880 -0.270598 -0.312929 0.896745 -0.312929 0
face normal 0.000000 0.000000 1.000000
v0 -0.270598 0.923880 -0.270598 -0.312929 0.896745 -0.312929 0
v1 -0.653281 0.707107 -0.270598 -0.652799 0.707629 -0.270398 0
v2 -0.353553 0.923880 -0.146447 -0.353102 0.924082 -0.146260 0
face normal 0.000000 0.000000 1.000000
v0 -0.270598 0.923880 -0.270598 -0.312929 0.896745 -0.312929 0
v1 -0.270598 0.707107 -0.653281 -0.270398 0.707629 -0.652799 0
v2 -0.500000 0.707107 -0.500000 -0.499631 0.707629 -0.499631 0
face normal 0.000000 0.000000 1.000000
v0 -0.270598 0.923880 -0.270598 -0.312929 0.896745 -0.312929 0
v1 0.000000 10.000000 0.000000 -0.000000 1.000000 -0.000000 0
v2 -0.146447 0.923880 -0.353553 -0.146260 0.924082 -0.353102 0
face normal 0.000000 0.000000 1.000000
v0 -0.146447 0.923880 -0.353553 -0.146260 0.924082 -0.353102 0
v1 -0.270598 0.707107 -0.653281 -0.270398 0.707629 -0.652799 0
v2 -0.270598 0.923880 -0.270598 -0.312929 0.896745 -0.312929 0
face normal 0.000000 0.000000 1.000000
v0 -0.146447 0.923880 -0.353553 -0.146260 0.924082 -0.353102 0
v1 0.000000 10.000000 0.000000 -0.000000 1.000000 -0.000000 0
v2 -0.000000 0.923880 -0.382683 -0.000000 0.896745 -0.442548 0
face normal 0.000000 0.000000 1.000000
v0 -0.000000 0.923880 -0.382683 -0.000000 0.896745 -0.442548 0
v1 -0.270598 0.707107 -0.653281 -0.270398 0.707629 -0.652799 0
v2 -0.146447 0.923880 -0.353553 -0.146260 0.924082 -0.353102 0
face normal 0.000000 0.000000 1.000000
v0 -0.000000 0.923880 -0.382683 -0.000000 0.896745 -0.442548 0
v1 0.270598 0.707107 -0.653281 0.270398 0.707629 -0.652799 0
v2 -0.000000 0.707107 -0.707107 0.000000 0.707629 -0.706584 0
face normal 0.000000 0.000000 1.000000
v0 -0.000000 0.923880 -0.382683 -0.000000 0.896745 -0.442548 0
v1 0.000000 10.000000 0.000000 -0.000000 1.000000 -0.000000 0
v2 0.146447 0.923880 -0.353553 0.146260 0.924082 -0.353102 0
face normal 0.000000 0.000000 1.000000
v0 0.146447 0.923880 -0.353553 0.146260 0.924082 -0.353102 0
v1 0.270598 0.707107 -0.653281 0.270398 0.707629 -0.652799 0
v2 -0.000000 0.923880 -0.382683 -0.000000 0.896745 -0.442548 0
face normal 0.000000 0.000000 1.000000
v0 0.146447 0.923880 -0.353553 0.146260 0.924082 -0.353102 0
v1 0.000000 10.000000 0.000000 -0.000000 1.000000 -0.000000 0
v2 0.270598 0.923880 -0.270598 0.312929 0.896745 -0.312929 0
face normal 0.000000 0.000000 1.000000
v0 0.270598 0.923880 -0.270598 0.312929 0.896745 -0.312929 0
v1 0.270598 0.707107 -0.653281 0.270398 0.707629 -0.652799 0
v2 0.146447 0.923880 -0.353553 0.146260 0.924082 -0.353102 0
face normal 0.000000 0.000000 1.000000
v0 0.270598 0.923880 -0.270598 0.312929 0.896745 -0.312929 0
v1 0.653281 0.707107 -0.270598 0.652799 0.707629 -0.270398 0
v2 0.500000 0.707107 -0.500000 0.499631 0.707629 -0.499631 0
face normal 0.000000 0.000000 1.000000
v0 0.270598 0.923880 -0.270598 0.312929 0.896745 -0.312929 0
v1 0.000000 10.000000 0.000000 -0.000000 1.000000 -0.000000 0
v2 0.353553 0.923880 -0.146447 0.353102 0.924082 -0.146260 0
face normal 0.000000 0.000000 1.000000
v0 0.353553 0.923880 -0.146447 0.353102 0.924082 -0.146260 0
v1 0.653281 0.707107 -0.270598 0.652799 0.707629 -0.270398 0
v2 0.270598 0.923880 -0.270598 0.312929 0.896745 -0.312929 0
face normal 0.000000 0.000000 1.000000
v0 0.353553 0.923880 -0.146447 0.353102 0.924082 -0.146260 0
v1 0.000000 10.000000 0.000000 -0.000000 1.000000 -0.000000 0
v2 0.382683 0.923880 0.000000 0.442548 0.896745 -0.000000 0
face normal 0.000000 0.000000 1.000000
v0 0.707107 0.707107 0.000000 0.706584 0.707629 0.000000 0
v1 0.653281 0.707107 -0.270598 0.652799 0.707629 -0.270398 0
v2 0.382683 0.923880 0.000000 0.442548 0.896745 -0.000000 0
face normal 0.000000 0.000000 1.000000
v0 0.707107 0.707107 0.000000 0.706584 0.707629 0.000000 0
v1 0.923880 0.382683 0.000000 0.923682 0.383160 -0.000000 0
v2 0.653281 0.707107 -0.270598 0.652799 0.707629 -0.270398 0
face normal 0.000000 0.000000 1.000000
v0 0.653281 0.707107 0.270598 0.652799 0.707629 0.270398 0
v1 0.923880 0.382683 0.000000 0.923682 0.383160 -0.000000 0
v2 0.707107 0.707107 0.000000 0.706584 0.707629 0.000000 0
face normal 0.000000 0.000000 1.000000
v0 0.653281 0.707107 0.270598 0.652799 0.707629 0.270398 0
v1 0.653281 0.382683 0.653281 0.653142 0.383160 0.653142 0
v2 0.853553 0.382683 0.353553 0.853371 0.383160 0.353478 0
face normal 0.000000 0.000000 1.000000
v0 0.500000 0.707107 0.500000 0.499631 0.707629 0.499631 0
v1 0.653281 0.707107 0.270598 0.652799 0.707629 0.270398 0
v2 0.270598 0.923880 0.270598 0.312929 0.896745 0.312929 0
face normal 0.000000 0.000000 1.000000
v0 0.500000 0.707107 0.500000 0.499631 0.707629 0.499631 0
v1 0.653281 0.382683 0.653281 0.653142 0.383160 0.653142 0
v2 0.653281 0.707107 0.270598 0.652799 0.707629 0.270398 0
face normal 0.000000 0.000000 1.000000
v0 0.270598 0.707107 0.653281 0.270398 0.707629 0.652799 0
v1 0.653281 0.382683 0.653281 0.653142 0.383160 0.653142 0
v2 0.500000 0.707107 0.500000 0.499631 0.707629 0.499631 0
face normal 0.000000 0.000000 1.000000
v0 0.270598 0.707107 0.653281 0.270398 0.707629 0.652799 0
v1 0.000000 0.382683 0.923880 0.000000 0.383160 0.923682 0
v2 0.353553 0.382683 0.853553 0.353478 0.383160 0.853371 0
face normal 0.000000 0.000000 1.000000
v0 0.000000 0.707107 0.707107 0.000000 0.707629 0.706584 0
v1 0.270598 0.707107 0.653281 0.270398 0.707629 0.652799 0
v2 0.000000 0.923880 0.382683 0.000000 0.896745 0.442548 0
face normal 0.000000 0.000000 1.000000
v0 0.000000 0.707107 0.707107 0.000000 0.707629 0.706584 0
v1 0.000000 0.382683 0.923880 0.000000 0.383160 0.923682 0
v2 0.270598 0.707107 0.653281 0.270398 0.707629 0.652799 0
face normal 0.000000 0.000000 1.000000
v0 -0.270598 0.707107 0.653281 -0.270398 0.707629 0.652799 0
v1 0.000000 0.382683 0.923880 0.000000 0.383160 0.923682 0
v2 0.000000 0.707107 0.707107 0.000000 0.707629 0.706584 0
face normal 0.000000 0.000000 1.000000
v0 -0.270598 0.707107 0.653281 -0.270398 0.707629 0.652799 0
v1 -0.653281 0.382683 0.653281 -0.653142 0.383160 0.653142 0
v2 -0.353553 0.382683 0.853553 -0.353478 0.383160 0.853371 0
face normal 0.000000 0.000000 1.000000
v0 -0.500000 0.707107 0.500000 -0.499631 0.707629 0.499631 0
v1 -0.270598 0.707107 0.653281 -0.270398 0.707629 0.652799 0
v2 -0.270598 0.923880 0.270598 -0.312929 0.896745 0.312929 0
face normal 0.000000 0.000000 1.000000
v0 -0.500000 0.707107 0.500000 -0.499631 0.707629 0.499631 0
v1 -0.653281 0.382683 0.653281 -0.653142 0.383160 0.653142 0
v2 -0.270598 0.707107 0.653281 -0.270398 0.707629 0.652799 0
face normal 0.000000 0.000000 1.000000
v0 -0.653281 0.707107 0.270598 -0.652799 0.707629 0.270398 0
v1 -0.653281 0.382683 0.653281 -0.653142 0.383160 0.653142 0
v2 -0.500000 0.707107 0.500000 -0.499631 0.707629 0.499631 0
face normal 0.000000 0.000000 1.000000
v0 -0.653281 0.707107 0.270598 -0.652799 0.707629 0.270398 0
v1 -0.923880 0.382683 0.000000 -0.923682 0.383160 0.000000 0
v2 -0.853553 0.382683 0.353553 -0.853371 0.383160 0.353478 0
face normal 0.000000 0.000000 1.000000
v0 -0.707107 0.707107 0.000000 -0.706584 0.707629 0.000000 0
v1 -0.653281 0.707107 0.270598 -0.652799 0.707629 0.270398 0
v2 -0.382683 0.923880 0.000000 -0.442548 0.896745 0.000000 0
face normal 0.000000 0.000000 1.000000
v0 -0.707107 0.707107 0.000000 -0.706584 0.707629 0.000000 0
v1 -0.923880 0.382683 0.000000 -0.923682 0.383160 0.000000 0
v2 -0.653281 0.707107 0.270598 -0.652799 0.707629 0.270398 0
face normal 0.000000 0.000000 1.000000
v0 -0.653281 0.707107 -0.270598 -0.652799 0.707629 -0.270398 0
v1 -0.923880 0.382683 0.000000 -0.923682 0.383160 0.000000 0
v2 -0.707107 0.707107 0.000000 -0.706584 0.707629 0.000000 0
face normal 0.000000 0.000000 1.000000
v0 -0.653281 0.707107 -0.270598 -0.652799 0.707629 -0.270398 0
v1 -0.653281 0.382683 -0.653281 -0.653142 0.383160 -0.653142 0
v2 -0.853553 0.382683 -0.353553 -0.853371 0.383160 -0.353478 0
face normal 0.000000 0.000000 1.000000
v0 -0.500000 0.707107 -0.500000 -0.499631 0.707629 -0.499631 0
v1 -0.653281 0.707107 -0.270598 -0.652799 0.707629 -0.270398 0
v2 -0.270598 0.923880 -0.270598 -0.312929 0.896745 -0.312929 0
face normal 0.000000 0.000000 1.000000
v0 -0.500000 0.707107 -0.500000 -0.499631 0.707629 -0.499631 0
v1 -0.653281 0.382683 -0.653281 -0.653142 0.383160 -0.653142 0
v2 -0.653281 0.707107 -0.270598 -0.652799 0.707629 -0.270398 0
face normal 0.000000 0.000000 1.000000
v0 -0.270598 0.707107 -0.653281 -0.270398 0.707629 -0.652799 0
v1 -0.653281 0.382683 -0.653281 -0.653142 0.383160 -0.653142 0
v2 -0.500000 0.707107 -0.500000 -0.499631 0.707629 -0.499631 0
face normal 0.000000 0.000000 1.000000
v0 -0.270598 0.707107 -0.653281 -0.270398 0.707629 -0.652799 0
v1 -0.000000 0.382683 -0.923880 -0.000000 0.383160 -0.923682 0
v2 -0.353553 0.382683 -0.853553 -0.353478 0.383160 -0.853371 0
face normal 0.000000 0.000000 1.000000
v0 -0.000000 0.707107 -0.707107 0.000000 0.707629 -0.706584 0
v1 -0.270598 0.707107 -0.653281 -0.270398 0.707629 -0.652799 0
v2 -0.000000 0.923880 -0.382683 -0.000000 0.896745 -0.442548 0
face normal 0.000000 0.000000 1.000000
v0 -0.000000 0.707107 -0.707107 0.000000 0.707629 -0.706584 0
v1 -0.000000 0.382683 -0.923880 -0.000000 0.383160 -0.923682 0
v2 -0.270598 0.707107 -0.653281 -0.270398 0.707629 -0.652799 0
face normal 0.000000 0.000000 1.000000
v0 0.270598 0.707107 -0.653281 0.270398 0.707629 -0.652799 0
v1 -0.000000 0.382683 -0.923880 -0.000000 0.383160 -0.923682 0
v2 -0.000000 0.707107 -0.707107 0.000000 0.707629 -0.706584 0
face normal 0.000000 0.000000 1.000000
v0 0.270598 0.707107 -0.653281 0.270398 0.707629 -0.652799 0
v1 0.653281 0.382683 -0.653281 0.653142 0.383160 -0.653142 0
v2 0.353553 0.382683 -0.853553 0.353478 0.383160 -0.853371 0
face normal 0.000000 0.000000 1.000000
v0 0.500000 0.707107 -0.500000 0.499631 0.707629 -0.499631 0
v1 0.270598 0.707107 -0.653281 0.270398 0.707629 -0.652799 0
v2 0.270598 0.923880 -0.270598 0.312929 0.896745 -0.312929 0
face normal 0.000000 0.000000 1.000000
v0 0.500000 0.707107 -0.500000 0.499631 0.707629 -0.499631 0
v1 0.653281 0.382683 -0.653281 0.653142 0.383160 -0.653142 0
v2 0.270598 0.707107 -0.653281 0.270398 0.707629 -0.652799 0
face normal 0.000000 0.000000 1.000000
v0 0.653281 0.707107 -0.270598 0.652799 0.707629 -0.270398 0
v1 0.923880 0.382683 0.000000 0.923682 0.383160 -0.000000 0
v2 0.853553 0.382683 -0.353553 0.853371 0.383160 -0.353478 0
face normal 0.000000 0.000000 1.000000
v0 0.653281 0.707107 -0.270598 0.652799 0.707629 -0.270398 0
v1 0.653281 0.382683 -0.653281 0.653142 0.383160 -0.653142 0
v2 0.500000 0.707107 -0.500000 0.499631 0.707629 -0.499631 0
face normal 0.000000 0.000000 1.000000
v0 0.923880 0.382683 0.000000 0.923682 0.383160 -0.000000 0
v1 0.923880 0.000000 0.382683 0.923880 -0.000000 0.382683 0
v2 1.000000 0.000000 0.000000 1.000000 0.000000 -0.000000 0
face normal 0.000000 0.000000 1.000000
v0 0.923880 0.382683 0.000000 0.923682 0.383160 -0.000000 0
v1 0.923880 0.000000 -0.382683 0.923880 -0.000000 -0.382683 0
v2 0.853553 0.382683 -0.353553 0.853371 0.383160 -0.353478 0
face normal 0.000000 0.000000 1.000000
v0 0.853553 0.382683 0.353553 0.853371 0.383160 0.353478 0
v1 0.923880 0.382683 0.000000 0.923682 0.383160 -0.000000 0
v2 0.653281 0.707107 0.270598 0.652799 0.707629 0.270398 0
face normal 0.000000 0.000000 1.000000
v0 0.853553 0.382683 0.353553 0.853371 0.383160 0.353478 0
v1 0.923880 0.000000 0.382683 0.923880 -0.000000 0.382683 0
v2 0.923880 0.382683 0.000000 0.923682 0.383160 -0.000000 0
face normal 0.000000 0.000000 1.000000
v0 0.653281 0.382683 0.653281 0.653142 0.383160 0.653142 0
v1 0.923880 0.000000 0.382683 0.923880 -0.000000 0.382683 0
v2 0.853553 0.382683 0.353553 0.853371 0.383160 0.353478 0
face normal 0.000000 0.000000 1.000000
v0 0.653281 0.382683 0.653281 0.653142 0.383160 0.653142 0
v1 0.382683 0.000000 0.923880 0.382683 0.000000 0.923880 0
v2 0.707107 0.000000 0.707107 0.707107 0.000000 0.707107 0
face normal 0.000000 0.000000 1.000000
v0 0.353553 0.382683 0.853553 0.353478 0.383160 0.853371 0
v1 0.653281 0.382683 0.653281 0.653142 0.383160 0.653142 0
v2 0.270598 0.707107 0.653281 0.270398 0.707629 0.652799 0
face normal 0.000000 0.000000 1.000000
v0 0.353553 0.382683 0.853553 0.353478 0.383160 0.853371 0
v1 0.382683 0.000000 0.923880 0.382683 0.000000 0.923880 0
v2 0.653281 0.382683 0.653281 0.653142 0.383160 0.653142 0
face normal 0.000000 0.000000 1.000000
v0 0.000000 0.382683 0.923880 0.000000 0.383160 0.923682 0
v1 0.382683 0.000000 0.923880 0.382683 0.000000 0.923880 0
v2 0.353553 0.382683 0.853553 0.353478 0.383160 0.853371 0
face normal 0.000000 0.000000 1.000000
v0 0.000000 0.382683 0.923880 0.000000 0.383160 0.923682 0
v1 -0.382683 0.000000 0.923880 -0.382683 0.000000 0.923880 0
v2 0.000000 0.000000 1.000000 0.000000 0.000000 1.000000 0
face normal 0.000000 0.000000 1.000000
v0 -0.353553 0.382683 0.853553 -0.353478 0.383160 0.853371 0
v1 0.000000 0.382683 0.923880 0.000000 0.383160 0.923682 0
v2 -0.270598 0.707107 0.653281 -0.270398 0.707629 0.652799 0
face normal 0.000000 0.000000 1.000000
v0 -0.353553 0.382683 0.853553 -0.353478 0.383160 0.853371 0
v1 -0.382683 0.000000 0.923880 -0.382683 0.000000 0.923880 0
v2 0.000000 0.382683 0.923880 0.000000 0.383160 0.923682 0
face normal 0.000000 0.000000 1.000000
v0 -0.653281 0.382683 0.653281 -0.653142 0.383160 0.653142 0
v1 -0.382683 0.000000 0.923880 -0.382683 0.000000 0.923880 0
v2 -0.353553 0.382683 0.853553 -0.353478 0.383160 0.853371 0
face normal 0.000000 0.000000 1.000000
v0 -0.653281 0.382683 0.653281 -0.653142 0.383160 0.653142 0
v1 -0.923880 0.000000 0.382683 -0.923880 0.000000 0.382683 0
v2 -0.707107 0.000000 0.707107 -0.707107 0.000000 0.707107 0
face normal 0.000000 0.000000 1.000000
v0 -0.853553 0.382683 0.353553 -0.853371 0.383160 0.353478 0
v1 -0.653281 0.382683 0.653281 -0.653142 0.383160 0.653142 0
v2 -0.653281 0.707107 0.270598 -0.652799 0.707629 0.270398 0
face normal 0.000000 0.000000 1.000000
v0 -0.853553 0.382683 0.353553 -0.853371 0.383160 0.353478 0
v1 -0.923880 0.000000 0.382683 -0.923880 0.000000 0.382683 0
v2 -0.653281 0.382683 0.653281 -0.653142 0.383160 0.653142 0
face normal 0.000000 0.000000 1.000000
v0 -0.923880 0.382683 0.000000 -0.923682 0.383160 0.000000 0
v1 -0.923880 0.000000 0.382683 -0.923880 0.000000 0.382683 0
v2 -0.853553 0.382683 0.353553 -0.853371 0.383160 0.353478 0
face normal 0.000000 0.000000 1.000000
v0 -0.923880 0.382683 0.000000 -0.923682 0.383160 0.000000 0
v1 -0.923880 0.000000 -0.382683 -0.923880 -0.000000 -0.382683 0
v2 -1.000000 0.000000 0.000000 -1.000000 -0.000000 0.000000 0
face normal 0.000000 0.000000 1.000000
v0 -0.853553 0.382683 -0.353553 -0.853371 0.383160 -0.353478 0
v1 -0.923880 0.382683 0.000000 -0.923682 0.383160 0.000000 0
v2 -0.653281 0.707107 -0.270598 -0.652799 0.707629 -0.270398 0
face normal 0.000000 0.000000 1.000000
v0 -0.853553 0.382683 -0.353553 -0.853371 0.383160 -0.353478 0
v1 -0.923880 0.000000 -0.382683 -0.923880 -0.000000 -0.382683 0
v2 -0.923880 0.382683 0.000000 -0.923682 0.383160 0.000000 0
face normal 0.000000 0.000000 1.000000
v0 -0.653281 0.382683 -0.653281 -0.653142 0.383160 -0.653142 0
v1 -0.923880 0.000000 -0.382683 -0.923880 -0.000000 -0.382683 0
v2 -0.853553 0.382683 -0.353553 -0.853371 0.383160 -0.353478 0
face normal 0.000000 0.000000 1.000000
v0 -0.653281 0.382683 -0.653281 -0.653142 0.383160 -0.653142 0
v1 -0.382683 0.000000 -0.923880 -0.382683 -0.000000 -0.923880 0
v2 -0.707107 0.000000 -0.707107 -0.707107 -0.000000 -0.707107 0
face normal 0.000000 0.000000 1.000000
v0 -0.353553 0.382683 -0.853553 -0.353478 0.383160 -0.853371 0
v1 -0.653281 0.382683 -0.653281 -0.653142 0.383160 -0.653142 0
v2 -0.270598 0.707107 -0.653281 -0.270398 0.707629 -0.652799 0
face normal 0.000000 0.000000 1.000000
v0 -0.353553 0.382683 -0.853553 -0.353478 0.383160 -0.853371 0
v1 -0.382683 0.000000 -0.923880 -0.382683 -0.000000 -0.923880 0
v2 -0.653281 0.382683 -0.653281 -0.653142 0.383160 -0.653142 0
face normal 0.000000 0.000000 1.000000
v0 -0.000000 0.382683 -0.923880 -0.000000 0.383160 -0.923682 0
v1 -0.382683 0.000000 -0.923880 -0.382683 -0.000000 -0.923880 0
v2 -0.353553 0.382683 -0.853553 -0.353478 0.383160 -0.853371 0
face normal 0.000000 0.000000 1.000000
v0 -0.000000 0.382683 -0.923880 -0.000000 0.383160 -0.923682 0
v1 0.382683 0.000000 -0.923880 0.382683 0.000000 -0.923880 0
v2 -0.000000 0.000000 -1.000000 -0.000000 0.000000 -1.000000 0
face normal 0.000000 0.000000 1.000000
v0 0.353553 0.382683 -0.853553 0.353478 0.383160 -0.853371 0
v1 -0.000000 0.382683 -0.923880 -0.000000 0.383160 -0.923682 0
v2 0.270598 0.707107 -0.653281 0.270398 0.707629 -0.652799 0
face normal 0.000000 0.000000 1.000000
v0 0.353553 0.382683 -0.853553 0.353478 0.383160 -0.853371 0
v1 0.382683 0.000000 -0.923880 0.382683 0.000000 -0.923880 0
v2 -0.000000 0.382683 -0.923880 -0.000000 0.383160 -0.923682 0
face normal 0.000000 0.000000 1.000000
v0 0.653281 0.382683 -0.653281 0.653142 0.383160 -0.653142 0
v1 0.382683 0.000000 -0.923880 0.382683 0.000000 -0.923880 0
v2 0.353553 0.382683 -0.853553 0.353478 0.383160 -0.853371 0
face normal 0.000000 0.000000 1.000000
v0 0.653281 0.382683 -0.653281 0.653142 0.383160 -0.653142 0
v1 0.923880 0.000000 -0.382683 0.923880 -0.000000 -0.382683 0
v2 0.707107 0.000000 -0.707107 0.707107 0.000000 -0.707107 0
face normal 0.000000 0.000000 1.000000
v0 0.853553 0.382683 -0.353553 0.853371 0.383160 -0.353478 0
v1 0.653281 0.382683 -0.653281 0.653142 0.383160 -0.653142 0
v2 0.653281 0.707107 -0.270598 0.652799 0.707629 -0.270398 0
face normal 0.000000 0.000000 1.000000
v0 0.853553 0.382683 -0.353553 0.853371 0.383160 -0.353478 0
v1 0.923880 0.000000 -0.382683 0.923880 -0.000000 -0.382683 0
v2 0.653281 0.382683 -0.653281 0.653142 0.383160 -0.653142 0
face normal 0.000000 0.000000 1.000000
v0 1.000000 0.000000 0.000000 1.000000 0.000000 -0.000000 0
v1 0.923880 0.000000 -0.382683 0.923880 -0.000000 -0.382683 0
v2 0.923880 0.382683 0.000000 0.923682 0.383160 -0.000000 0
face normal 0.000000 0.000000 1.000000
v0 1.000000 0.000000 0.000000 1.000000 0.000000 -0.000000 0
v1 0.923880 -0.382683 0.000000 0.923682 -0.383160 -0.000000 0
v2 0.923880 0.000000 -0.382683 0.923880 -0.000000 -0.382683 0
face normal 0.000000 0.000000 1.000000
v0 0.923880 0.000000 0.382683 0.923880 -0.000000 0.382683 0
v1 0.923880 -0.382683 0.000000 0.923682 -0.383160 -0.000000 0
v2 1.000000 0.000000 0.000000 1.000000 0.000000 -0.000000 0
face normal 0.000000 0.000000 1.000000
v0 0.923880 0.000000 0.382683 0.923880 -0.000000 0.382683 0
v1 0.653281 -0.382683 0.653281 0.653142 -0.383160 0.653142 0
v2 0.853553 -0.382683 0.353553 0.853371 -0.383160 0.353478 0
face normal 0.000000 0.000000 1.000000
v0 0.707107 0.000000 0.707107 0.707107 0.000000 0.707107 0
v1 0.923880 0.000000 0.382683 0.923880 -0.000000 0.382683 0
v2 0.653281 0.382683 0.653281 0.653142 0.383160 0.653142 0
face normal 0.000000 0.000000 1.000000
v0 0.707107 0.000000 0.707107 0.707107 0.000000 0.707107 0
v1 0.653281 -0.382683 0.653281 0.653142 -0.383160 0.653142 0
v2 0.923880 0.000000 0.382683 0.923880 -0.000000 0.382683 0
face normal 0.000000 0.000000 1.000000
v0 0.382683 0.000000 0.923880 0.382683 0.000000 0.923880 0
v1 0.653281 -0.382683 0.653281 0.653142 -0.383160 0.653142 0
v2 0.707107 0.000000 0.707107 0.707107 0.000000 0.707107 0
face normal 0.000000 0.000000 1.000000
v0 0.382683 0.000000 0.923880 0.382683 0.000000 0.923880 0
v1 0.000000 -0.382683 0.923880 0.000000 -0.383160 0.923682 0
v2 0.353553 -0.382683 0.853553 0.353478 -0.383160 0.853371 0
face normal 0.000000 0.000000 1.000000
v0 0.000000 0.000000 1.000000 0.000000 0.000000 1.000000 0
v1 0.382683 0.000000 0.923880 0.382683 0.000000 0.923880 0
v2 0.000000 0.382683 0.923880 0.000000 0.383160 0.923682 0
face normal 0.000000 0.000000 1.000000
v0 0.000000 0.000000 1.000000 0.000000 0.000000 1.000000 0
v1 0.000000 -0.382683 0.923880 0.000000 -0.383160 0.923682 0
v2 0.382683 0.000000 0.923880 0.382683 0.000000 0.923880 0
face normal 0.000000 0.000000 1.000000
v0 -0.382683 0.000000 0.923880 -0.382683 0.000000 0.923880 0
v1 0.000000 -0.382683 0.923880 0.000000 -0.383160 0.923682 0
v2 0.000000 0.000000 1.000000 0.000000 0.000000 1.000000 0
face normal 0.000000 0.000000 1.000000
v0 -0.382683 0.000000 0.923880 -0.382683 0.000000 0.923880 0
v1 -0.653281 -0.382683 0.653281 -0.653142 -0.383160 0.653142 0
v2 -0.353553 -0.382683 0.853553 -0.353478 -0.383160 0.853371 0
face normal 0.000000 0.000000 1.000000
v0 -0.707107 0.000000 0.707107 -0.707107 0.000000 0.707107 0
v1 -0.382683 0.000000 0.923880 -0.382683 0.000000 0.923880 0
v2 -0.653281 0.382683 0.653281 -0.653142 0.383160 0.653142 0
face normal 0.000000 0.000000 1.000000
v0 -0.707107 0.000000 0.707107 -0.707107 0.000000 0.707107 0
v1 -0.653281 -0.382683 0.653281 -0.653142 -0.383160 0.653142 0
v2 -0.382683 0.000000 0.923880 -0.382683 0.000000 0.923880 0
face normal 0.000000 0.000000 1.000000
v0 -0.923880 0.000000 0.382683 -0.923880 0.000000 0.382683 0
v1 -0.653281 -0.382683 0.653281 -0.653142 -0.383160 0.653142 0
v2 -0.707107 0.000000 0.707107 -0.707107 0.000000 0.707107 0
face normal 0.000000 0.000000 1.000000
v0 -0.923880 0.000000 0.382683 -0.923880 0.000000 0.382683 0
v1 -0.923880 -0.382683 0.000000 -0.923682 -0.383160 0.000000 0
v2 -0.853553 -0.382683 0.353553 -0.853371 -0.383160 0.353478 0
face normal 0.000000 0.000000 1.000000
v0 -1.000000 0.000000 0.000000 -1.000000 -0.000000 0.000000 0
v1 -0.923880 0.000000 0.382683 -0.923880 0.000000 0.382683 0
v2 -0.923880 0.382683 0.000000 -0.923682 0.383160 0.000000 0
face normal 0.000000 0.000000 1.000000
v0 -1.000000 0.000000 0.000000 -1.000000 -0.000000 0.000000 0
v1 -0.923880 -0.382683 0.000000 -0.923682 -0.383160 0.000000 0
v2 -0.923880 0.000000 0.382683 -0.923880 0.000000 0.382683 0
face normal 0.000000 0.000000 1.000000
v0 -0.923880 0.000000 -0.382683 -0.923880 -0.000000 -0.382683 0
v1 -0.923880 -0.382683 0.000000 -0.923682 -0.383160 0.000000 0
v2 -1.000000 0.000000 0.000000 -1.000000 -0.000000 0.000000 0
face normal 0.000000 0.000000 1.000000
v0 -0.923880 0.000000 -0.382683 -0.923880 -0.000000 -0.382683 0
v1 -0.653281 -0.382683 -0.653281 -0.653142 -0.383160 -0.653142 0
v2 -0.853553 -0.382683 -0.353553 -0.853371 -0.383160 -0.353478 0
face normal 0.000000 0.000000 1.000000
v0 -0.707107 0.000000 -0.707107 -0.707107 -0.000000 -0.707107 0
v1 -0.923880 0.000000 -0.382683 -0.923880 -0.000000 -0.382683 0
v2 -0.653281 0.382683 -0.653281 -0.653142 0.383160 -0.653142 0
face normal 0.000000 0.000000 1.000000
v0 -0.707107 0.000000 -0.707107 -0.707107 -0.000000 -0.707107 0
v1 -0.653281 -0.382683 -0.653281 -0.653142 -0.383160 -0.653142 0
v2 -0.923880 0.000000 -0.382683 -0.923880 -0.000000 -0.382683 0
face normal 0.000000 0.000000 1.000000
v0 -0.382683 0.000000 -0.923880 -0.382683 -0.000000 -0.923880 0
v1 -0.653281 -0.382683 -0.653281 -0.653142 -0.383160 -0.653142 0
v2 -0.707107 0.000000 -0.707107 -0.707107 -0.000000 -0.707107 0
face normal 0.000000 0.000000 1.000000
v0 -0.382683 0.000000 -0.923880 -0.382683 -0.000000 -0.923880 0
v1 -0.000000 -0.382683 -0.923880 0.000000 -0.383160 -0.923682 0
v2 -0.353553 -0.382683 -0.853553 -0.353478 -0.383160 -0.853371 0
face normal 0.000000 0.000000 1.000000
v0 -0.000000 0.000000 -1.000000 -0.000000 0.000000 -1.000000 0
v1 -0.382683 0.000000 -0.923880 -0.382683 -0.000000 -0.923880 0
v2 -0.000000 0.382683 -0.923880 -0.000000 0.383160 -0.923682 0
face normal 0.000000 0.000000 1.000000
v0 -0.000000 0.000000 -1.000000 -0.000000 0.000000 -1.000000 0
v1 -0.000000 -0.382683 -0.923880 0.000000 -0.383160 -0.923682 0
v2 -0.382683 0.000000 -0.923880 -0.382683 -0.000000 -0.923880 0
face normal 0.000000 0.000000 1.000000
v0 0.382683 0.000000 -0.923880 0.382683 0.000000 -0.923880 0
v1 -0.000000 -0.382683 -0.923880 0.000000 -0.383160 -0.923682 0
v2 -0.000000 0.000000 -1.000000 -0.000000 0.000000 -1.000000 0
face normal 0.000000 0.000000 1.000000
v0 0.382683 0.000000 -0.923880 0.382683 0.000000 -0.923880 0
v1 0.653281 -0.382683 -0.653281 0.653142 -0.383160 -0.653142 0
v2 0.353553 -0.382683 -0.853553 0.353478 -0.383160 -0.853371 0
face normal 0.000000 0.000000 1.000000
v0 0.707107 0.000000 -0.707107 0.707107 0.000000 -0.707107 0
v1 0.382683 0.000000 -0.923880 0.382683 0.000000 -0.923880 0
v2 0.653281 0.382683 -0.653281 0.653142 0.383160 -0.653142 0
face normal 0.000000 0.000000 1.000000
v0 0.707107 0.000000 -0.707107 0.707107 0.000000 -0.707107 0
v1 0.653281 -0.382683 -0.653281 0.653142 -0.383160 -0.653142 0
v2 0.382683 0.000000 -0.923880 0.382683 0.000000 -0.923880 0
face normal 0.000000 0.000000 1.000000
v0 0.923880 0.000000 -0.382683 0.923880 -0.000000 -0.382683 0
v1 0.923880 -0.382683 0.000000 0.923682 -0.383160 -0.000000 0
v2 0.853553 -0.382683 -0.353553 0.853371 -0.383160 -0.353478 0
face normal 0.000000 0.000000 1.000000
v0 0.923880 0.000000 -0.382683 0.923880 -0.000000 -0.382683 0
v1 0.653281 -0.382683 -0.653281 0.653142 -0.383160 -0.653142 0
v2 0.707107 0.000000 -0.707107 0.707107 0.000000 -0.707107 0
face normal 0.000000 0.000000 1.000000
v0 0.923880 -0.382683 0.000000 0.923682 -0.383160 -0.000000 0
v1 0.653281 -0.707107 0.270598 0.652799 -0.707629 0.270398 0
v2 0.707107 -0.707107 0.000000 0.706584 -0.707629 -0.000000 0
face normal 0.000000 0.000000 1.000000
v0 0.923880 -0.382683 0.000000 0.923682 -0.383160 -0.000000 0
v1 0.653281 -0.707107 -0.270598 0.652799 -0.707629 -0.270398 0
v2 0.853553 -0.382683 -0.353553 0.853371 -0.383160 -0.353478 0
face normal 0.000000 0.000000 1.000000
v0 0.853553 -0.382683 0.353553 0.853371 -0.383160 0.353478 0
v1 0.923880 -0.382683 0.000000 0.923682 -0.383160 -0.000000 0
v2 0.923880 0.000000 0.382683 0.923880 -0.000000 0.382683 0
face normal 0.000000 0.000000 1.000000
v0 0.853553 -0.382683 0.353553 0.853371 -0.383160 0.353478 0
v1 0.653281 -0.707107 0.270598 0.652799 -0.707629 0.270398 0
v2 0.923880 -0.382683 0.000000 0.923682 -0.383160 -0.000000 0
face normal 0.000000 0.000000 1.000000
v0 0.653281 -0.382683 0.653281 0.653142 -0.383160 0.653142 0
v1 0.653281 -0.707107 0.270598 0.652799 -0.707629 0.270398 0
v2 0.853553 -0.382683 0.353553 0.853371 -0.383160 0.353478 0
face normal 0.000000 0.000000 1.000000
v0 0.653281 -0.382683 0.653281 0.653142 -0.383160 0.653142 0
v1 0.270598 -0.707107 0.653281 0.270398 -0.707629 0.652799 0
v2 0.500000 -0.707107 0.500000 0.499631 -0.707629 0.499631 0
face normal 0.000000 0.000000 1.000000
v0 0.353553 -0.382683 0.853553 0.353478 -0.383160 0.853371 0
v1 0.653281 -0.382683 0.653281 0.653142 -0.383160 0.653142 0
v2 0.382683 0.000000 0.923880 0.382683 0.000000 0.923880 0
face normal 0.000000 0.000000 1.000000
v0 0.353553 -0.382683 0.853553 0.353478 -0.383160 0.853371 0
v1 0.270598 -0.707107 0.653281 0.270398 -0.707629 0.652799 0
v2 0.653281 -0.382683 0.653281 0.653142 -0.383160 0.653142 0
face normal 0.000000 0.000000 1.000000
v0 0.000000 -0.382683 0.923880 0.000000 -0.383160 0.923682 0
v1 0.270598 -0.707107 0.653281 0.270398 -0.707629 0.652799 0
v2 0.353553 -0.382683 0.853553 0.353478 -0.383160 0.853371 0
face normal 0.000000 0.000000 1.000000
v0 0.000000 -0.382683 0.923880 0.000000 -0.383160 0.923682 0
v1 -0.270598 -0.707107 0.653281 -0.270398 -0.707629 0.652799 0
v2 0.000000 -0.707107 0.707107 0.000000 -0.707629 0.706584 0
face normal 0.000000 0.000000 1.000000
v0 -0.353553 -0.382683 0.853553 -0.353478 -0.383160 0.853371 0
v1 0.000000 -0.382683 0.923880 0.000000 -0.383160 0.923682 0
v2 -0.382683 0.000000 0.923880 -0.382683 0.000000 0.923880 0
face normal 0.000000 0.000000 1.000000
v0 -0.353553 -0.382683 0.853553 -0.353478 -0.383160 0.853371 0
v1 -0.270598 -0.707107 0.653281 -0.270398 -0.707629 0.652799 0
v2 0.000000 -0.382683 0.923880 0.000000 -0.383160 0.923682 0
face normal 0.000000 0.000000 1.000000
v0 -0.653281 -0.382683 0.653281 -0.653142 -0.383160 0.653142 0
v1 -0.270598 -0.707107 0.653281 -0.270398 -0.707629 0.652799 0
v2 -0.353553 -0.382683 0.853553 -0.353478 -0.383160 0.853371 0
face normal 0.000000 0.000000 1.000000
v0 -0.653281 -0.382683 0.653281 -0.653142 -0.383160 0.653142 0
v1 -0.653281 -0.707107 0.270598 -0.652799 -0.707629 0.270398 0
v2 -0.500000 -0.707107 0.500000 -0.499631 -0.707629 0.499631 0
face normal 0.000000 0.000000 1.000000
v0 -0.853553 -0.382683 0.353553 -0.853371 -0.383160 0.353478 0
v1 -0.653281 -0.382683 0.653281 -0.653142 -0.383160 0.653142 0
v2 -0.923880 0.000000 0.382683 -0.923880 0.000000 0.382683 0
face normal 0.000000 0.000000 1.000000
v0 -0.853553 -0.382683 0.353553 -0.853371 -0.383160 0.353478 0
v1 -0.653281 -0.707107 0.270598 -0.652799 -0.707629 0.270398 0
v2 -0.653281 -0.382683 0.653281 -0.653142 -0.383160 0.653142 0
face normal 0.000000 0.000000 1.000000
v0 -0.923880 -0.382683 0.000000 -0.923682 -0.383160 0.000000 0
v1 -0.653281 -0.707107 0.270598 -0.652799 -0.707629 0.270398 0
v2 -0.853553 -0.382683 0.353553 -0.853371 -0.383160 0.353478 0
face normal 0.000000 0.000000 1.000000
v0 -0.923880 -0.382683 0.000000 -0.923682 -0.383160 0.000000 0
v1 -0.653281 -0.707107 -0.270598 -0.652799 -0.707629 -0.270398 0
v2 -0.707107 -0.707107 0.000000 -0.706584 -0.707629 0.000000 0
face normal 0.000000 0.000000 1.000000
v0 -0.853553 -0.382683 -0.353553 -0.853371 -0.383160 -0.353478 0
v1 -0.923880 -0.382683 0.000000 -0.923682 -0.383160 0.000000 0
v2 -0.923880 0.000000 -0.382683 -0.923880 -0.000000 -0.382683 0
face normal 0.000000 0.000000 1.000000
v0 -0.853553 -0.382683 -0.353553 -0.853371 -0.383160 -0.353478 0
v1 -0.653281 -0.707107 -0.270598 -0.652799 -0.707629 -0.270398 0
v2 -0.923880 -0.382683 0.000000 -0.923682 -0.383160 0.000000 0
face normal 0.000000 0.000000 1.000000
v0 -0.653281 -0.382683 -0.653281 -0.653142 -0.383160 -0.653142 0
v1 -0.653281 -0.707107 -0.270598 -0.652799 -0.707629 -0.270398 0
v2 -0.853553 -0.382683 -0.353553 -0.853371 -0.383160 -0.353478 0
face normal 0.000000 0.000000 1.000000
v0 -0.653281 -0.382683 -0.653281 -0.653142 -0.383160 -0.653142 0
v1 -0.270598 -0.707107 -0.653281 -0.270398 -0.707629 -0.652799 0
v2 -0.500000 -0.707107 -0.500000 -0.499631 -0.707629 -0.499631 0
face normal 0.000000 0.000000 1.000000
v0 -0.353553 -0.382683 -0.853553 -0.353478 -0.383160 -0.853371 0
v1 -0.653281 -0.382683 -0.653281 -0.653142 -0.383160 -0.653142 0
v2 -0.382683 0.000000 -0.923880 -0.382683 -0.000000 -0.923880 0
face normal 0.000000 0.000000 1.000000
v0 -0.353553 -0.382683 -0.853553 -0.353478 -0.383160 -0.853371 0
v1 -0.270598 -0.707107 -0.653281 -0.270398 -0.707629 -0.652799 0
v2 -0.653281 -0.382683 -0.653281 -0.653142 -0.383160 -0.653142 0
face normal 0.000000 0.000000 1.000000
v0 -0.000000 -0.382683 -0.923880 0.000000 -0.383160 -0.923682 0
v1 -0.270598 -0.707107 -0.653281 -0.270398 -0.707629 -0.652799 0
v2 -0.353553 -0.382683 -0.853553 -0.353478 -0.383160 -0.853371 0
face normal 0.000000 0.000000 1.000000
v0 -0.000000 -0.382683 -0.923880 0.000000 -0.383160 -0.923682 0
v1 0.270598 -0.707107 -0.653281 0.270398 -0.707629 -0.652799 0
v2 -0.000000 -0.707107 -0.707107 0.000000 -0.707629 -0.706584 0
face normal 0.000000 0.000000 1.000000
v0 0.353553 -0.382683 -0.853553 0.353478 -0.383160 -0.853371 0
v1 -0.000000 -0.382683 -0.923880 0.000000 -0.383160 -0.923682 0
v2 0.382683 0.000000 -0.923880 0.382683 0.000000 -0.923880 0
face normal 0.000000 0.000000 1.000000
v0 0.353553 -0.382683 -0.853553 0.353478 -0.383160 -0.853371 0
v1 0.270598 -0.707107 -0.653281 0.270398 -0.707629 -0.652799 0
v2 -0.000000 -0.382683 -0.923880 0.000000 -0.383160 -0.923682 0
face normal 0.000000 0.000000 1.000000
v0 0.653281 -0.382683 -0.653281 0.653142 -0.383160 -0.653142 0
v1 0.270598 -0.707107 -0.653281 0.270398 -0.707629 -0.652799 0
v2 0.353553 -0.382683 -0.853553 0.353478 -0.383160 -0.853371 0
face normal 0.000000 0.000000 1.000000
v0 0.653281 -0.382683 -0.653281 0.653142 -0.383160 -0.653142 0
v1 0.653281 -0.707107 -0.270598 0.652799 -0.707629 -0.270398 0
v2 0.500000 -0.707107 -0.500000 0.499631 -0.707629 -0.499631 0
face normal 0.000000 0.000000 1.000000
v0 0.853553 -0.382683 -0.353553 0.853371 -0.383160 -0.353478 0
v1 0.653281 -0.382683 -0.653281 0.653142 -0.383160 -0.653142 0
v2 0.923880 0.000000 -0.382683 0.923880 -0.000000 -0.382683 0
face normal 0.000000 0.000000 1.000000
v0 0.853553 -0.382683 -0.353553 0.853371 -0.383160 -0.353478 0
v1 0.653281 -0.707107 -0.270598 0.652799 -0.707629 -0.270398 0
v2 0.653281 -0.382683 -0.653281 0.653142 -0.383160 -0.653142 0
face normal 0.000000 0.000000 1.000000
v0 0.707107 -0.707107 0.000000 0.706584 -0.707629 -0.000000 0
v1 0.653281 -0.707107 -0.270598 0.652799 -0.707629 -0.270398 0
v2 0.923880 -0.382683 0.000000 0.923682 -0.383160 -0.000000 0
face normal 0.000000 0.000000 1.000000
v0 0.707107 -0.707107 0.000000 0.706584 -0.707629 -0.000000 0
v1 0.382683 -0.923880 0.000000 0.442548 -0.896745 0.000000 0
v2 0.653281 -0.707107 -0.270598 0.652799 -0.707629 -0.270398 0
face normal 0.000000 0.000000 1.000000
v0 0.653281 -0.707107 0.270598 0.652799 -0.707629 0.270398 0
v1 0.382683 -0.923880 0.000000 0.442548 -0.896745 0.000000 0
v2 0.707107 -0.707107 0.000000 0.706584 -0.707629 -0.000000 0
face normal 0.000000 0.000000 1.000000
v0 0.653281 -0.707107 0.270598 0.652799 -0.707629 0.270398 0
v1 0.270598 -0.923880 0.270598 0.312929 -0.896745 0.312929 0
v2 0.353553 -0.923880 0.146447 0.353102 -0.924082 0.146260 0
face normal 0.000000 0.000000 1.000000
v0 0.500000 -0.707107 0.500000 0.499631 -0.707629 0.499631 0
v1 0.653281 -0.707107 0.270598 0.652799 -0.707629 0.270398 0
v2 0.653281 -0.382683 0.653281 0.653142 -0.383160 0.653142 0
face normal 0.000000 0.000000 1.000000
v0 0.500000 -0.707107 0.500000 0.499631 -0.707629 0.499631 0
v1 0.270598 -0.923880 0.270598 0.312929 -0.896745 0.312929 0
v2 0.653281 -0.707107 0.270598 0.652799 -0.707629 0.270398 0
face normal 0.000000 0.000000 1.000000
v0 0.270598 -0.707107 0.653281 0.270398 -0.707629 0.652799 0
v1 0.270598 -0.923880 0.270598 0.312929 -0.896745 0.312929 0
v2 0.500000 -0.707107 0.500000 0.499631 -0.707629 0.499631 0
face normal 0.000000 0.000000 1.000000
v0 0.270598 -0.707107 0.653281 0.270398 -0.707629 0.652799 0
v1 0.000000 -0.923880 0.382683 0.000000 -0.896745 0.442548 0
v2 0.146447 -0.923880 0.353553 0.146260 -0.924082 0.353102 0
face normal 0.000000 0.000000 1.000000
v0 0.000000 -0.707107 0.707107 0.000000 -0.707629 0.706584 0
v1 0.270598 -0.707107 0.653281 0.270398 -0.707629 0.652799 0
v2 0.000000 -0.382683 0.923880 0.000000 -0.383160 0.923682 0
face normal 0.000000 0.000000 1.000000
v0 0.000000 -0.707107 0.707107 0.000000 -0.707629 0.706584 0
v1 0.000000 -0.923880 0.382683 0.000000 -0.896745 0.442548 0
v2 0.270598 -0.707107 0.653281 0.270398 -0.707629 0.652799 0
face normal 0.000000 0.000000 1.000000
v0 -0.270598 -0.707107 0.653281 -0.270398 -0.707629 0.652799 0
v1 0.000000 -0.923880 0.382683 0.000000 -0.896745 0.442548 0
v2 0.000000 -0.707107 0.707107 0.000000 -0.707629 0.706584 0
face normal 0.000000 0.000000 1.000000
v0 -0.270598 -0.707107 0.653281 -0.270398 -0.707629 0.652799 0
v1 -0.270598 -0.923880 0.270598 -0.312929 -0.896745 0.312929 0
v2 -0.146447 -0.923880 0.353553 -0.146260 -0.924082 0.353102 0
face normal 0.000000 0.000000 1.000000
v0 -0.500000 -0.707107 0.500000 -0.499631 -0.707629 0.499631 0
v1 -0.270598 -0.707107 0.653281 -0.270398 -0.707629 0.652799 0
v2 -0.653281 -0.382683 0.653281 -0.653142 -0.383160 0.653142 0
face normal 0.000000 0.000000 1.000000
v0 -0.500000 -0.707107 0.500000 -0.499631 -0.707629 0.499631 0
v1 -0.270598 -0.923880 0.270598 -0.312929 -0.896745 0.312929 0
v2 -0.270598 -0.707107 0.653281 -0.270398 -0.707629 0.652799 0
face normal 0.000000 0.000000 1.000000
v0 -0.653281 -0.707107 0.270598 -0.652799 -0.707629 0.270398 0
v1 -0.270598 -0.923880 0.270598 -0.312929 -0.896745 0.312929 0
v2 -0.500000 -0.707107 0.500000 -0.499631 -0.707629 0.499631 0
face normal 0.000000 0.000000 1.000000
v0 -0.653281 -0.707107 0.270598 -0.652799 -0.707629 0.270398 0
v1 -0.382683 -0.923880 0.000000 -0.442548 -0.896745 0.000000 0
v2 -0.353553 -0.923880 0.146447 -0.353102 -0.924082 0.146260 0
face normal 0.000000 0.000000 1.000000
v0 -0.707107 -0.707107 0.000000 -0.706584 -0.707629 0.000000 0
v1 -0.653281 -0.707107 0.270598 -0.652799 -0.707629 0.270398 0
v2 -0.923880 -0.382683 0.000000 -0.923682 -0.383160 0.000000 0
face normal 0.000000 0.000000 1.000000
v0 -0.707107 -0.707107 0.000000 -0.706584 -0.707629 0.000000 0
v1 -0.382683 -0.923880 0.000000 -0.442548 -0.896745 0.000000 0
v2 -0.653281 -0.707107 0.270598 -0.652799 -0.707629 0.270398 0
face normal 0.000000 0.000000 1.000000
v0 -0.653281 -0.707107 -0.270598 -0.652799 -0.707629 -0.270398 0
v1 -0.382683 -0.923880 0.000000 -0.442548 -0.896745 0.000000 0
v2 -0.707107 -0.707107 0.000000 -0.706584 -0.707629 0.000000 0
face normal 0.000000 0.000000 1.000000
v0 -0.653281 -0.707107 -0.270598 -0.652799 -0.707629 -0.270398 0
v1 -0.270598 -0.923880 -0.270598 -0.312929 -0.896745 -0.312929 0
v2 -0.353553 -0.923880 -0.146447 -0.353102 -0.924082 -0.146260 0
face normal 0.000000 0.000000 1.000000
v0 -0.500000 -0.707107 -0.500000 -0.499631 -0.707629 -0.499631 0
v1 -0.653281 -0.707107 -0.270598 -0.652799 -0.707629 -0.270398 0
v2 -0.653281 -0.382683 -0.653281 -0.653142 -0.383160 -0.653142 0
face normal 0.000000 0.000000 1.000000
v0 -0.500000 -0.707107 -0.500000 -0.499631 -0.707629 -0.499631 0
v1 -0.270598 -0.923880 -0.270598 -0.312929 -0.896745 -0.312929 0
v2 -0.653281 -0.707107 -0.270598 -0.652799 -0.707629 -0.270398 0
face normal 0.000000 0.000000 1.000000
v0 -0.270598 -0.707107 -0.653281 -0.270398 -0.707629 -0.652799 0
v1 -0.270598 -0.923880 -0.270598 -0.312929 -0.896745 -0.312929 0
v2 -0.500000 -0.707107 -0.500000 -0.499631 -0.707629 -0.499631 0
face normal 0.000000 0.000000 1.000000
v0 -0.270598 -0.707107 -0.653281 -0.270398 -0.707629 -0.652799 0
v1 -0.000000 -0.923880 -0.382683 -0.000000 -0.896745 -0.442548 0
v2 -0.146447 -0.923880 -0.353553 -0.146260 -0.924082 -0.353102 0
face normal 0.000000 0.000000 1.000000
v0 -0.000000 -0.707107 -0.707107 0.000000 -0.707629 -0.706584 0
v1 -0.270598 -0.707107 -0.653281 -0.270398 -0.707629 -0.652799 0
v2 -0.000000 -0.382683 -0.923880 0.000000 -0.383160 -0.923682 0
face normal 0.000000 0.000000 1.000000
v0 -0.000000 -0.707107 -0.707107 0.000000 -0.707629 -0.706584 0
v1 -0.000000 -0.923880 -0.382683 -0.000000 -0.896745 -0.442548 0
v2 -0.270598 -0.707107 -0.653281 -0.270398 -0.707629 -0.652799 0
face normal 0.000000 0.000000 1.000000
v0 0.270598 -0.707107 -0.653281 0.270398 -0.707629 -0.652799 0
v1 -0.000000 -0.923880 -0.382683 -0.000000 -0.896745 -0.442548 0
v2 -0.000000 -0.707107 -0.707107 0.000000 -0.707629 -0.706584 0
face normal 0.000000 0.000000 1.000000
v0 0.270598 -0.707107 -0.653281 0.270398 -0.707629 -0.652799 0
v1 0.270598 -0.923880 -0.270598 0.312929 -0.896745 -0.312929 0
v2 0.146447 -0.923880 -0.353553 0.146260 -0.924082 -0.353102 0
face normal 0.000000 0.000000 1.000000
v0 0.500000 -0.707107 -0.500000 0.499631 -0.707629 -0.499631 0
v1 0.270598 -0.707107 -0.653281 0.270398 -0.707629 -0.652799 0
v2 0.653281 -0.382683 -0.653281 0.653142 -0.383160 -0.653142 0
face normal 0.000000 0.000000 1.000000
v0 0.500000 -0.707107 -0.500000 0.499631 -0.707629 -0.499631 0
v1 0.270598 -0.923880 -0.270598 0.312929 -0.896745 -0.312929 0
v2 0.270598 -0.707107 -0.653281 0.270398 -0.707629 -0.652799 0
face normal 0.000000 0.000000 1.000000
v0 0.653281 -0.707107 -0.270598 0.652799 -0.707629 -0.270398 0
v1 0.382683 -0.923880 0.000000 0.442548 -0.896745 0.000000 0
v2 0.353553 -0.923880 -0.146447 0.353102 -0.924082 -0.146260 0
face normal 0.000000 0.000000 1.000000
v0 0.653281 -0.707107 -0.270598 0.652799 -0.707629 -0.270398 0
v1 0.270598 -0.923880 -0.270598 0.312929 -0.896745 -0.312929 0
v2 0.500000 -0.707107 -0.500000 0.499631 -0.707629 -0.499631 0
face normal 0.000000 0.000000 1.000000
v0 0.382683 -0.923880 0.000000 0.442548 -0.896745 0.000000 0
v1 0.000000 -1.000000 0.000000 -0.000000 -1.000000 -0.000000 0
v2 0.353553 -0.923880 -0.146447 0.353102 -0.924082 -0.146260 0
face normal 0.000000 0.000000 1.000000
v0 0.353553 -0.923880 0.146447 0.353102 -0.924082 0.146260 0
v1 0.382683 -0.923880 0.000000 0.442548 -0.896745 0.000000 0
v2 0.653281 -0.707107 0.270598 0.652799 -0.707629 0.270398 0
face normal 0.000000 0.000000 1.000000
v0 0.353553 -0.923880 0.146447 0.353102 -0.924082 0.146260 0
v1 0.000000 -1.000000 0.000000 -0.000000 -1.000000 -0.000000 0
v2 0.382683 -0.923880 0.000000 0.442548 -0.896745 0.000000 0
face normal 0.000000 0.000000 1.000000
v0 0.270598 -0.923880 0.270598 0.312929 -0.896745 0.312929 0
v1 0.000000 -1.000000 0.000000 -0.000000 -1.000000 -0.000000 0
v2 0.353553 -0.923880 0.146447 0.353102 -0.924082 0.146260 0
face normal 0.000000 0.000000 1.000000
v0 0.146447 -0.923880 0.353553 0.146260 -0.924082 0.353102 0
v1 0.270598 -0.923880 0.270598 0.312929 -0.896745 0.312929 0
v2 0.270598 -0.707107 0.653281 0.270398 -0.707629 0.652799 0
face normal 0.000000 0.000000 1.000000
v0 0.146447 -0.923880 0.353553 0.146260 -0.924082 0.353102 0
v1 0.000000 -1.000000 0.000000 -0.000000 -1.000000 -0.000000 0
v2 0.270598 -0.923880 0.270598 0.312929 -0.896745 0.312929 0
face normal 0.000000 0.000000 1.000000
v0 0.000000 -0.923880 0.382683 0.000000 -0.896745 0.442548 0
v1 0.000000 -1.000000 0.000000 -0.000000 -1.000000 -0.000000 0
v2 0.146447 -0.923880 0.353553 0.146260 -0.924082 0.353102 0
face normal 0.000000 0.000000 1.000000
v0 -0.146447 -0.923880 0.353553 -0.146260 -0.924082 0.353102 0
v1 0.000000 -0.923880 0.382683 0.000000 -0.896745 0.442548 0
v2 -0.270598 -0.707107 0.653281 -0.270398 -0.707629 0.652799 0
face normal 0.000000 0.000000 1.000000
v0 -0.146447 -0.923880 0.353553 -0.146260 -0.924082 0.353102 0
v1 0.000000 -1.000000 0.000000 -0.000000 -1.000000 -0.000000 0
v2 0.000000 -0.923880 0.382683 0.000000 -0.896745 0.442548 0
face normal 0.000000 0.000000 1.000000
v0 -0.270598 -0.923880 0.270598 -0.312929 -0.896745 0.312929 0
v1 0.000000 -1.000000 0.000000 -0.000000 -1.000000 -0.000000 0
v2 -0.146447 -0.923880 0.353553 -0.146260 -0.924082 0.353102 0
face normal 0.000000 0.000000 1.000000
v0 -0.353553 -0.923880 0.146447 -0.353102 -0.924082 0.146260 0
v1 -0.270598 -0.923880 0.270598 -0.312929 -0.896745 0.312929 0
v2 -0.653281 -0.707107 0.270598 -0.652799 -0.707629 0.270398 0
face normal 0.000000 0.000000 1.000000
v0 -0.353553 -0.923880 0.146447 -0.353102 -0.924082 0.146260 0
v1 0.000000 -1.000000 0.000000 -0.000000 -1.000000 -0.000000 0
v2 -0.270598 -0.923880 0.270598 -0.312929 -0.896745 0.312929 0
face normal 0.000000 0.000000 1.000000
v0 -0.382683 -0.923880 0.000000 -0.442548 -0.896745 0.000000 0
v1 0.000000 -1.000000 0.000000 -0.000000 -1.000000 -0.000000 0
v2 -0.353553 -0.923880 0.146447 -0.353102 -0.924082 0.146260 0
face normal 0.000000 0.000000 1.000000
v0 -0.353553 -0.923880 -0.146447 -0.353102 -0.924082 -0.146260 0
v1 -0.382683 -0.923880 0.000000 -0.442548 -0.896745 0.000000 0
v2 -0.653281 -0.707107 -0.270598 -0.652799 -0.707629 -0.270398 0
face normal 0.000000 0.000000 1.000000
v0 -0.353553 -0.923880 -0.146447 -0.353102 -0.924082 -0.146260 0
v1 0.000000 -1.000000 0.000000 -0.000000 -1.000000 -0.000000 0
v2 -0.382683 -0.923880 0.000000 -0.442548 -0.896745 0.000000 0
face normal 0.000000 0.000000 1.000000
v0 -0.270598 -0.923880 -0.270598 -0.312929 -0.896745 -0.312929 0
v1 0.000000 -1.000000 0.000000 -0.000000 -1.000000 -0.000000 0
v2 -0.353553 -0.923880 -0.146447 -0.353102 -0.924082 -0.146260 0
face normal 0.000000 0.000000 1.000000
v0 -0.146447 -0.923880 -0.353553 -0.146260 -0.924082 -0.353102 0
v1 -0.270598 -0.923880 -0.270598 -0.312929 -0.896745 -0.312929 0
v2 -0.270598 -0.707107 -0.653281 -0.270398 -0.707629 -0.652799 0
face normal 0.000000 0.000000 1.000000
v0 -0.146447 -0.923880 -0.353553 -0.146260 -0.924082 -0.353102 0
v1 0.000000 -1.000000 0.000000 -0.000000 -1.000000 -0.000000 0
v2 -0.270598 -0.923880 -0.270598 -0.312929 -0.896745 -0.312929 0
face normal 0.000000 0.000000 1.000000
v0 -0.000000 -0.923880 -0.382683 -0.000000 -0.896745 -0.442548 0
v1 0.000000 -1.000000 0.000000 -0.000000 -1.000000 -0.000000 0
v2 -0.146447 -0.923880 -0.353553 -0.146260 -0.924082 -0.353102 0
face normal 0.000000 0.000000 1.000000
v0 0.146447 -0.923880 -0.353553 0.146260 -0.924082 -0.353102 0
v1 -0.000000 -0.923880 -0.382683 -0.000000 -0.896745 -0.442548 0
v2 0.270598 -0.707107 -0.653281 0.270398 -0.707629 -0.652799 0
face normal 0.000000 0.000000 1.000000
v0 0.146447 -0.923880 -0.353553 0.146260 -0.924082 -0.353102 0
v1 0.000000 -1.000000 0.000000 -0.000000 -1.000000 -0.000000 0
v2 -0.000000 -0.923880 -0.382683 -0.000000 -0.896745 -0.442548 0
face normal 0.000000 0.000000 1.000000
v0 0.270598 -0.923880 -0.270598 0.312929 -0.896745 -0.312929 0
v1 0.000000 -1.000000 0.000000 -0.000000 -1.000000 -0.000000 0
v2 0.146447 -0.923880 -0.353553 0.146260 -0.924082 -0.353102 0
face normal 0.000000 0.000000 1.000000
v0 0.353553 -0.923880 -0.146447 0.353102 -0.924082 -0.146260 0
v1 0.270598 -0.923880 -0.270598 0.312929 -0.896745 -0.312929 0
v2 0.653281 -0.707107 -0.270598 0.652799 -0.707629 -0.270398 0
face normal 0.000000 0.000000 1.000000
v0 0.353553 -0.923880 -0.146447 0.353102 -0.924082 -0.146260 0
v1 0.000000 -1.000000 0.000000 -0.000000 -1.000000 -0.000000 0
v2 0.270598 -0.923880 -0.270598 0.312929 -0.896745 -0.312929 0
face normal 0.000000 0.000000 1.000000
