Model Export
# triangles = 18
Material count = 1
ambient color 0.700000 0.700000 0.700000
diffuse color 0.500000 0.500000 0.500000
specular color 0.500000 0.500000 0.500000
material shine 10.000000
Texture = YES
End of materials
v0 -1.000000 -1.000000 -2.000000 0.000000 0.000000 1.000000 0 0.000000 0.000000
v1 1.000000 -1.000000 -2.000000 0.000000 0.000000 1.000000 0 1.000000 0.000000
v2 1.000000 1.000000 -2.000000 0.000000 0.000000 1.000000 0 1.000000 1.000000
face normal 0.000000 0.000000 1.000000
v0 1.000000 1.000000 -2.000000 0.000000 0.000000 1.000000 0 1.000000 1.000000
v1 -1.000000 1.000000 -2.000000 0.000000 0.000000 1.000000 0 0.000000 1.000000
v2 -1.000000 -1.000000 -2.000000 0.000000 0.000000 1.000000 0 0.000000 0.000000
face normal 0.000000 0.000000 1.000000
v0 1.000000 1.000000 -4.000000 0.000000 0.000000 -1.000000 0 0.000000 1.000000
v1 1.000000 -1.000000 -4.000000 0.000000 0.000000 -1.000000 0 0.000000 0.000000
v2 -1.000000 -1.000000 -4.000000 0.000000 0.000000 -1.000000 0 1.000000 0.000000
face normal 0.000000 0.000000 -1.000000
v0 -1.000000 -1.000000 -4.000000 0.000000 0.000000 -1.000000 0 1.000000 0.000000
v1 -1.000000 1.000000 -4.000000 0.000000 0.000000 -1.000000 0 1.000000 1.000000
v2 1.000000 1.000000 -4.000000 0.000000 0.000000 -1.000000 0 0.000000 1.000000
face normal 0.000000 0.000000 -1.000000
v0 1.000000 1.000000 -4.000000 1.000000 0.000000 0.000000 0 1.000000 1.000000
v1 1.000000 1.000000 -2.000000 1.000000 0.000000 0.000000 0 0.000000 1.000000
v2 1.000000 -1.000000 -2.000000 1.000000 0.000000 0.000000 0 0.000000 0.000000
face normal 1.000000 0.000000 0.000000
v0 -1.000000 1.000000 -2.000000 0.000000 1.000000 0.000000 0 0.000000 0.000000
v1 1.000000 1.000000 -2.000000 0.000000 1.000000 0.000000 0 1.000000 0.000000
v2 1.000000 1.000000 -4.000000 0.000000 1.000000 0.000000 0 1.000000 1.000000
face normal 0.000000 1.000000 0.000000
v0 1.000000 1.000000 -4.000000 0.000000 1.000000 0.000000 0 1.000000 1.000000
v1 -1.000000 1.000000 -4.000000 0.000000 1.000000 0.000000 0 0.000000 1.000000
v2 -1.000000 1.000000 -2.000000 0.000000 1.000000 0.000000 0 0.000000 0.000000
face normal 0.000000 1.000000 0.000000
v0 1.000000 -1.000000 -4.000000 0.000000 -1.000000 0.000000 0 1.000000 0.000000
v1 1.000000 -1.000000 -2.000000 0.000000 -1.000000 0.000000 0 1.000000 1.000000
v2 -1.000000 -1.000000 -2.000000 0.000000 -1.000000 0.000000 0 0.000000 1.000000
face normal 0.000000 -1.000000 0.000000
v0 -1.000000 -1.000000 -2.000000 0.000000 -1.000000 0.000000 0 0.000000 1.000000
v1 -1.000000 -1.000000 -4.000000 0.000000 -1.000000 0.000000 0 0.000000 0.000000
v2 1.000000 -1.000000 -4.000000 0.000000 -1.000000 0.000000 0 1.000000 0.000000
face normal 0.000000 -1.000000 0.000000
v0 -1.000000 1.000000 -4.000000 -1.000000 0.000000 0.000000 0 0.000000 1.000000
v1 -1.000000 -1.000000 -4.000000 -1.000000 0.000000 0.000000 0 0.000000 0.000000
v2 -1.000000 -0.333333 -3.333333 -1.000000 0.000000 0.000000 0 0.333333 0.333333
face normal 1.000000 0.000000 0.000000
v0 -1.000000 -1.000000 -4.000000 -1.000000 0.000000 0.000000 0 0.000000 0.000000
v1 -1.000000 -1.000000 -2.000000 -1.000000 0.000000 0.000000 0 1.000000 0.000000
v2 -1.000000 -0.333333 -3.333333 -1.000000 0.000000 0.000000 0 0.333333 0.333333
face normal 1.000000 0.000000 0.000000
v0 -1.000000 -1.000000 -2.000000 -1.000000 0.000000 0.000000 0 1.000000 0.000000
v1 -1.000000 1.000000 -4.000000 -1.000000 0.000000 0.000000 0 0.000000 1.000000
v2 -1.000000 -0.333333 -3.333333 -1.000000 0.000000 0.000000 0 0.333333 0.333333
face normal 1.000000 0.000000 0.000000
v0 -1.000000 -1.000000 -2.000000 -1.000000 0.000000 0.000000 0 1.000000 0.000000
v1 -1.000000 1.000000 -2.000000 -1.000000 0.000000 0.000000 0 1.000000 1.000000
v2 -1.000000 0.333333 -2.666667 -1.000000 0.000000 0.000000 0 0.666667 0.666667
face normal 1.000000 0.000000 0.000000
v0 -1.000000 1.000000 -2.000000 -1.000000 0.000000 0.000000 0 1.000000 1.000000
v1 -1.000000 1.000000 -4.000000 -1.000000 0.000000 0.000000 0 0.000000 1.000000
v2 -1.000000 0.333333 -2.666667 -1.000000 0.000000 0.000000 0 0.666667 0.666667
face normal 1.000000 0.000000 0.000000
v0 -1.000000 1.000000 -4.000000 -1.000000 0.000000 0.000000 0 0.000000 1.000000
v1 -1.000000 -1.000000 -2.000000 -1.000000 0.000000 0.000000 0 1.000000 0.000000
v2 -1.000000 0.333333 -2.666667 -1.000000 0.000000 0.000000 0 0.666667 0.666667
face normal 1.000000 0.000000 0.000000
v0 1.000000 -1.000000 -2.000000 1.000000 0.000000 0.000000 0 0.000000 0.000000
v1 1.000000 -1.000000 -4.000000 1.000000 0.000000 0.000000 0 1.000000 0.000000
v2 1.500000 -0.333333 -3.333333 1.000000 0.000000 0.000000 0 0.666667 0.333333
face normal 1.000000 0.000000 0.000000
v0 1.000000 -1.000000 -4.000000 1.000000 0.000000 0.000000 0 1.000000 0.000000
v1 1.000000 1.000000 -4.000000 1.000000 0.000000 0.000000 0 1.000000 1.000000
v2 1.500000 -0.333333 -3.333333 1.000000 0.000000 0.000000 0 0.666667 0.333333
face normal 1.000000 0.000000 0.000000
v0 1.000000 1.000000 -4.000000 1.000000 0.000000 0.000000 0 1.000000 1.000000
v1 1.000000 -1.000000 -2.000000 1.000000 0.000000 0.000000 0 0.000000 0.000000
v2 1.500000 -0.333333 -3.333333 1.000000 0.000000 0.000000 0 0.666667 0.333333
face normal 1.000000 0.000000 0.000000
